18 16
18 17
19 16
20 16
20 15
20 14
21 12
20 12
19 12
18 12
18 13
18 14
17 14
16 14
16 15
16 16
14 17
14 16
14 15
14 14
14 13
14 12
15 12
16 12
16 11
16 10
17 10
18 10
19 10
20 10
20 9
21 7
20 7
19 7
18 7
18 8
16 9
16 8
16 7
16 6
16 5
17 5
18 5
19 5
20 5
20 4
20 3
20 2
20 1
18 0
18 1
18 2
18 3
16 4
16 3
16 2
16 1
15 1
14 1
13 1
12 1
10 0
10 1
10 2
10 3
11 3
12 3
13 3
14 3
14 4
15 6
14 6
13 6
12 6
12 5
10 4
10 5
10 6
10 7
10 8
11 8
12 8
13 8
14 8
14 9
14 10
13 12
12 12
12 11
12 10
11 10
9 8
9 9
9 10
9 11
9 12
10 12
9 13
10 13
9 14
10 14
11 14
12 14
12 15
12 16
10 16
10 17
9 17
8 15
8 14
8 17
7 17
6 17
6 16
6 15
6 14
6 13
7 12
7 11
8 9
7 9
6 9
5 9
5 10
5 11
4 11
4 12
5 14
4 14
3 14
3 12
2 12
1 12
1 13
1 14
1 15
1 16
2 16
3 16
4 16
0 10
1 10
2 10
2 9
3 9
3 8
3 7
4 7
5 7
6 7
7 7
7 6
8 6
8 5
8 4
8 3
8 2
8 1
6 0
6 1
6 2
6 3
6 4
5 4
5 5
4 5
3 5
2 5
1 5
1 6
1 7
0 3
1 3
2 3
3 3
3 2
4 2
4 1
3 1
